200
7 10 1738
4746 26 3532
880 25 2345
3877 85 3983
193 49 7221
6544 25 5
6415 69 2076
2131 57 7272
12 50 7262
71 8 1176
2597 9 903
1295 69 5096
1847 34 6345
3755 12 5560
7189 93 5301
3414 12 90
3437 73 4897
799 91 5608
5354 64 1879
5285 20 6638
4597 59 896
3605 27 1649
4551 79 1591
4464 10 7133
156 79 6591
2872 33 3883
7577 13 4684
2261 7 3794
6629 84 5390
2307 93 3909
2396 82 4803
5515 84 7430
4336 40 85
9 85 6303
2566 19 7476
2395 31 2257
3636 80 1496
2113 10 6049
1751 47 5851
4999 91 7263
6299 69 2963
6522 49 2102
7043 19 3925
2129 31 5834
4131 57 1185
3073 96 1362
2540 92 5428
1544 30 1974
6306 14 3318
3320 77 3852
2462 94 2918
7361 50 6118
3592 66 6175
3036 22 7115
4643 42 5235
1653 45 3517
1317 34 414
1020 98 652
1811 49 6821
4288 81 1443
3330 80 1237
894 71 7466
2637 16 3924
6930 27 5885
389 29 1973
698 68 1946
858 21 4313
2180 33 561
5055 61 6577
6662 45 6260
7397 95 1558
6591 1 254
711 85 3215
3663 19 1887
1763 48 5661
4276 80 5065
7161 17 4292
5339 71 724
4143 62 145
7472 5 6884
4526 17 5922
6570 47 3781
6728 96 7323
954 8 868
4072 55 3747
2311 72 3595
5199 73 1213
5564 29 4757
2437 84 6086
5784 54 4157
5934 18 5176
7585 98 7027
7544 90 6991
5170 22 3580
7122 82 5526
4289 74 5766
998 99 5215
3838 43 3283
2796 22 3978
3901 48 2432
3888 88 286
2629 34 5838
3884 44 7437
2027 14 3010
64 44 6511
2953 59 147
701 83 5507
2954 7 615
4508 71 3010
3462 35 77
4937 13 701
703 86 3177
2341 18 505
75 33 6922
6169 72 5319
6216 89 1681
6102 85 1739
7420 24 5572
1864 55 857
5292 42 7334
6088 94 4919
4463 99 2433
5014 12 572
5448 23 1882
1696 87 6820
6867 2 5799
5432 72 6835
3331 34 16
1925 55 3343
2958 20 3261
5996 7 5589
6266 3 3057
5248 72 5055
436 15 3739
5145 21 197
3325 8 2647
1468 32 1635
3752 72 6570
5237 19 1387
6351 9 4658
4395 12 3276
4549 5 4108
1311 38 3290
842 55 400
3586 30 3884
1637 31 6204
619 65 6859
491 32 5432
4761 92 4075
3616 67 6356
7521 37 6628
180 40 7245
4961 67 5309
1244 69 5539
6051 88 2518
5629 27 3917
1172 25 5912
811 79 6663
6967 15 5517
2765 79 5372
553 53 6480
3389 25 204
3222 52 5742
7485 99 3060
2640 62 2889
5531 97 6208
1050 84 1211
2208 23 2887
6776 57 5575
5841 20 449
1845 39 7171
5593 82 2529
1223 84 4223
7451 41 3745
2681 50 4277
254 80 5908
7379 62 5277
2123 43 1248
3273 15 1091
762 42 6162
2295 67 3077
6940 11 4101
5784 98 2621
4347 76 7394
4392 58 5536
538 14 1211
1672 26 6089
6120 41 5089
4910 13 1994
4310 94 2079
5225 50 2099
5828 53 5846
2072 40 6647
3190 59 3112
2089 29 1914
3231 46 7493
1901 78 2238
1321 3 1942
2726 46 3326
6281 27 982

Natural:
23858
1 2 3 4 5 6 7 8 9 10 11 12 13 14 15 16 17 18 19 20 21 22 23 24 25 26 27 28 29 30 31 32 33 34 35 36 37 38 39 40 41 42 43 44 45 46 47 48 49 50 51 52 53 54 55 56 57 58 59 60 61 62 63 64 65 66 67 68 69 70 71 72 73 74 75 76 77 78 79 80 81 82 83 84 85 86 87 88 89 90 91 92 93 94 95 96 97 98 99 100 101 102 103 104 105 106 107 108 109 110 111 112 113 114 115 116 117 118 119 120 121 122 123 124 125 126 127 128 129 130 131 132 133 134 135 136 137 138 139 140 141 142 143 144 145 146 147 148 149 150 151 152 153 154 155 156 157 158 159 160 161 162 163 164 165 166 167 168 169 170 171 172 173 174 175 176 177 178 179 180 181 182 183 184 185 186 187 188 189 190 191 192 193 194 195 196 197 198 199 200

SortR:
16897
1 34 9 105 10 114 25 152 5 176 65 134 148 186 161 147 66 107 112 73 180 18 158 144 67 3 62 84 97 58 167 157 173 154 12 143 57 198 137 48 146 56 187 125 39 75 59 171 13 119 197 129 104 193 195 38 178 44 8 68 168 28 181 30 86 113 36 31 89 51 47 35 11 102 63 165 175 199 160 99 26 106 108 130 54 46 194 163 196 179 50 136 61 128 162 16 17 110 145 53 22 150 37 74 138 14 98 4 103 101 100 85 45 79 76 60 96 190 33 184 185 141 122 24 109 81 142 23 21 55 2 149 189 111 153 40 123 69 135 94 87 191 139 133 20 120 78 19 127 124 32 166 88 172 156 90 183 192 170 91 131 155 121 117 188 115 116 132 200 41 49 140 7 42 6 82 72 29 70 83 169 126 64 182 159 43 95 77 15 52 177 71 118 174 80 164 151 93 27 92

SortRQ:
14764
1 34 9 105 10 114 25 152 5 176 65 134 148 186 161 147 66 107 112 73 180 18 158 144 67 3 62 84 97 58 167 157 173 154 12 143 57 198 137 48 146 56 187 125 39 75 59 171 13 119 197 129 104 193 195 38 178 44 8 68 168 28 181 30 86 113 36 31 89 196 35 103 32 184 120 83 40 24 54 92 93 80 127 20 151 69 138 150 70 166 53 52 81 64 192 102 126 96 163 131 169 118 14 185 95 159 47 29 160 115 153 15 177 55 91 188 76 133 121 17 88 27 140 77 175 90 142 182 149 4 99 43 63 156 145 26 50 82 85 174 94 2 199 49 98 141 130 194 164 132 109 41 51 165 136 183 172 155 122 100 42 191 190 7 189 74 124 19 117 116 22 23 71 37 60 139 46 61 87 45 179 200 11 21 78 111 108 123 170 101 72 162 135 106 79 16 33 110 128 6

Schrage:
14788
1 9 105 114 34 152 5 25 176 134 148 65 161 186 147 10 66 180 18 62 158 107 97 157 154 12 67 173 143 73 112 125 146 59 171 13 187 39 75 56 193 8 38 44 129 30 31 89 35 47 102 175 63 160 99 26 28 86 199 54 130 181 104 51 196 163 50 194 17 165 150 53 138 14 145 98 103 4 168 136 85 100 3 36 197 96 184 185 24 81 76 142 141 109 55 2 149 122 153 40 69 94 190 120 20 133 127 191 32 166 88 156 90 192 183 131 91 172 121 115 188 49 132 41 140 155 7 82 42 70 29 83 126 169 64 159 182 189 48 43 198 195 74 124 95 15 77 19 52 118 177 80 151 93 92 27 174 164 117 116 22 137 23 71 37 60 139 46 178 61 87 167 45 179 200 11 21 84 119 78 111 58 108 123 68 113 170 57 144 101 72 162 135 106 79 16 33 110 128 6

Pottsa:
14767
1 9 105 114 34 152 5 25 176 134 148 65 161 186 147 10 66 180 18 62 158 107 97 157 154 12 67 173 143 73 112 125 146 59 171 13 187 39 75 56 193 8 38 44 129 30 31 89 35 47 102 175 63 160 99 26 28 86 199 54 130 181 104 51 196 163 50 194 17 165 150 53 138 14 145 98 103 4 168 136 85 100 3 36 197 96 184 185 24 81 76 142 141 109 55 2 149 122 153 40 69 94 190 120 20 133 127 191 32 166 88 156 90 192 183 131 91 172 121 115 188 49 132 41 140 155 7 82 42 70 29 83 126 169 64 159 182 189 48 43 198 195 74 124 95 15 77 19 52 118 177 80 151 179 92 93 27 174 164 117 116 22 137 23 71 37 60 139 46 178 61 87 167 45 200 11 21 84 119 78 111 58 108 123 68 113 170 57 144 101 72 162 135 106 79 16 33 110 128 6

Carlier:
14759
1 9 105 114 34 152 5 25 176 134 148 65 161 186 147 10 66 180 18 62 158 107 97 157 154 12 67 173 143 73 112 125 146 59 171 13 187 39 75 56 193 8 38 44 129 30 31 89 35 47 102 175 63 160 99 26 28 86 199 54 130 181 104 51 196 163 50 194 17 165 150 53 138 14 145 98 103 4 168 136 85 100 3 36 197 96 184 185 24 81 76 142 141 109 55 2 149 122 153 40 69 94 190 120 20 133 127 191 32 166 88 156 90 192 183 131 91 172 121 115 188 49 132 41 140 155 7 82 42 70 29 83 126 169 64 159 182 189 48 43 198 195 74 124 95 15 77 19 52 118 177 80 84 93 92 151 27 174 164 117 116 22 137 23 71 37 60 139 46 178 61 87 167 45 179 200 11 21 119 78 111 58 108 123 68 113 170 57 144 101 72 162 135 106 79 16 33 110 128 6

SchragePmtn:
14723
