20
6 15 39
534 41 473
525 62 54
309 92 453
37 78 253
182 64 736
635 18 74
616 59 1
595 37 139
613 56 557
138 87 486
95 84 549
594 88 550
95 68 714
725 72 244
174 74 511
193 68 245
344 10 402
638 34 415
56 4 520

Natural:
2150
1 2 3 4 5 6 7 8 9 10 11 12 13 14 15 16 17 18 19 20

SortR:
1507
1 5 20 12 14 11 16 6 17 4 18 3 2 13 9 10 8 7 19 15

SortRQ:
1343
1 5 20 12 14 11 16 6 10 13 2 4 19 18 17 15 9 7 3 8

Schrage:
1323
1 5 14 6 12 20 16 11 4 2 10 13 19 18 17 15 9 7 3 8

Pottsa:
1299
1 5 14 6 12 20 16 11 4 18 13 10 2 19 17 15 9 7 3 8

Carlier:
1295
1 5 14 6 12 20 16 11 4 13 10 2 19 18 17 15 9 7 3 8

SchragePmtn:
1288
