50
0 52 1398
500 38 373
1855 51 1008
488 11 1550
1711 45 466
470 19 614
196 80 1015
1605 73 148
1024 13 1639
883 47 855
443 2 43
1888 91 1493
1085 77 1185
654 38 507
668 64 691
100 53 299
862 33 366
123 98 1038
169 99 824
1333 19 1033
1892 19 1300
759 44 1420
338 81 1532
185 3 254
1211 38 474
963 52 196
1869 35 1460
504 66 1739
886 44 1751
888 97 608
1509 86 1411
1059 82 1009
584 35 591
848 57 1240
119 49 867
18 70 738
849 93 237
814 29 781
463 37 1350
1778 2 908
1561 53 239
761 13 1544
744 8 1136
639 26 734
597 62 388
540 98 373
1258 51 1491
241 36 422
568 17 1818
1379 59 983

Natural:
5969
1 2 3 4 5 6 7 8 9 10 11 12 13 14 15 16 17 18 19 20 21 22 23 24 25 26 27 28 29 30 31 32 33 34 35 36 37 38 39 40 41 42 43 44 45 46 47 48 49 50

SortR:
3919
1 36 16 35 18 19 24 7 48 23 11 39 6 4 2 28 46 49 33 45 44 14 15 43 22 42 38 34 37 17 10 29 30 26 9 32 13 25 47 20 50 31 41 8 5 40 3 27 12 21

SortRQ:
3535
1 36 16 35 18 19 24 7 48 23 11 39 6 4 2 28 46 49 33 45 44 14 15 43 22 42 38 34 37 17 10 29 30 26 9 32 13 25 47 12 27 31 21 20 3 50 40 5 41 8

Schrage:
3506
1 36 35 18 7 23 19 28 49 4 39 44 15 43 6 42 22 38 34 29 10 30 9 13 32 47 33 20 50 14 25 31 48 45 2 5 40 46 27 12 21 3 17 16 24 41 37 26 8 11

Pottsa:
3475
1 36 35 18 7 23 19 28 49 4 39 44 15 43 6 42 22 38 34 29 10 30 9 13 32 47 33 20 50 14 25 31 48 45 2 5 40 46 11 12 27 21 3 17 16 24 41 37 26 8

Carlier:
3474
1 36 35 18 7 23 19 28 49 4 39 44 15 43 6 42 22 38 34 29 10 30 9 13 32 47 33 20 50 14 25 31 48 45 2 5 40 46 12 27 21 3 17 16 24 41 37 26 8 11

SchragePmtn:
3472
