50
19 3 1811
694 60 689
859 34 1703
152 80 855
1502 43 1327
1263 43 1696
1310 89 892
956 83 1161
616 11 332
543 56 56
1449 43 479
1885 86 1484
1788 98 918
874 45 1097
1175 7 382
762 65 1613
821 79 1797
1682 54 485
1246 96 332
928 33 1568
911 31 827
1819 83 1444
1892 59 1667
1459 41 1183
95 26 1378
1545 16 680
1037 71 1416
179 39 1264
1326 96 92
293 31 1549
1245 62 103
1058 58 164
995 34 138
1486 44 520
129 15 1007
1095 10 901
1460 55 1213
1057 64 1136
1770 3 572
733 40 1138
1753 84 1624
697 54 224
376 29 857
72 78 1702
343 53 1467
431 17 1102
1016 56 550
1331 65 712
1039 27 453
1701 98 1409

Natural:
5296
1 2 3 4 5 6 7 8 9 10 11 12 13 14 15 16 17 18 19 20 21 22 23 24 25 26 27 28 29 30 31 32 33 34 35 36 37 38 39 40 41 42 43 44 45 46 47 48 49 50

SortR:
4470
1 44 25 35 4 28 30 45 43 46 10 9 2 42 40 16 17 3 14 21 20 8 33 47 27 49 38 32 36 15 31 19 6 7 29 48 11 24 37 34 5 26 18 50 41 39 13 22 12 23

SortRQ:
3711
1 44 25 35 4 28 30 45 43 46 10 9 2 42 40 16 17 3 14 21 20 8 33 47 27 6 23 41 12 22 50 5 37 24 38 13 36 7 48 26 39 34 18 11 49 15 19 32 31 29

Schrage:
3625
1 44 25 35 28 4 30 45 43 46 10 9 2 40 16 17 3 20 8 27 38 14 6 36 7 21 48 5 37 24 26 47 50 41 23 12 22 13 39 34 18 11 49 15 19 42 32 33 31 29

Pottsa:
3625
1 44 25 35 28 4 30 45 43 46 10 9 2 40 16 17 3 20 8 27 38 14 6 36 7 21 48 5 37 24 26 47 50 41 23 12 22 13 39 34 18 11 49 15 19 42 32 33 31 29

Carlier:
3618
1 44 25 35 28 4 30 45 43 46 10 9 2 40 16 17 3 20 8 27 38 14 6 36 7 21 48 5 37 24 26 34 50 41 39 23 12 22 13 47 18 11 49 15 19 42 32 33 31 29

SchragePmtn:
3618
