100
8 18 3008
489 51 812
3562 69 3065
154 46 3190
1959 51 2668
2537 57 444
1669 38 3073
3278 96 3307
2645 90 1103
3146 40 3144
1285 60 663
200 42 1005
3708 2 2034
1779 93 765
2780 18 637
3757 70 1119
3782 2 2987
1430 39 2278
3032 79 3011
3251 4 2490
2963 74 3726
2790 33 3206
721 95 2414
1068 69 2429
750 30 2586
2746 77 2938
1582 80 2469
1807 36 1236
2919 13 1755
1856 85 1358
488 24 2011
571 56 2451
1224 42 236
887 76 2574
3737 4 1037
779 66 341
3701 9 2752
2966 51 3621
3168 56 3557
1925 54 3297
84 51 3135
3537 39 761
3503 97 2836
1229 92 1201
1300 37 376
2373 43 2172
1810 53 1063
2802 94 2819
1554 41 1
1319 34 1298
2312 30 2502
3547 79 186
3215 10 3608
3212 16 71
233 89 3052
3649 29 212
2124 83 292
2103 35 2298
2061 47 2245
589 37 796
452 38 1747
799 21 734
3374 95 2982
2799 60 524
411 83 3257
446 62 11
3101 79 1785
406 47 1764
376 56 3010
1784 44 3260
2269 6 40
2587 5 3047
752 30 3694
951 66 1412
1572 92 726
1746 61 2141
3335 8 447
2870 58 1059
3213 8 1031
2495 82 2019
1572 92 2171
3149 42 637
2877 24 1460
1886 17 918
2553 2 2941
3322 68 587
1699 2 3622
3400 1 1816
385 14 3076
2757 29 3521
3207 57 797
129 35 416
2425 56 670
2253 34 425
2856 39 436
1614 52 1860
1055 64 3031
1429 68 2741
911 95 1284
2080 40 2135

Natural:
11394
1 2 3 4 5 6 7 8 9 10 11 12 13 14 15 16 17 18 19 20 21 22 23 24 25 26 27 28 29 30 31 32 33 34 35 36 37 38 39 40 41 42 43 44 45 46 47 48 49 50 51 52 53 54 55 56 57 58 59 60 61 62 63 64 65 66 67 68 69 70 71 72 73 74 75 76 77 78 79 80 81 82 83 84 85 86 87 88 89 90 91 92 93 94 95 96 97 98 99 100

SortR:
7945
1 41 92 4 12 55 69 89 68 65 66 61 31 2 32 60 23 25 73 36 62 34 99 74 97 24 33 44 11 45 50 98 18 49 75 81 27 96 7 87 76 14 70 28 47 30 84 40 5 59 100 58 57 94 71 51 46 93 80 6 85 72 9 26 90 15 22 64 48 95 78 83 29 21 38 19 67 10 82 39 91 54 79 53 20 8 86 77 63 88 43 42 52 3 56 37 13 35 16 17

SortRQ:
6968
1 41 92 4 12 55 69 89 68 65 66 61 31 2 32 60 23 25 73 36 62 34 99 74 97 21 87 38 53 39 90 8 40 70 22 10 7 3 72 19 17 63 85 26 43 48 37 98 5 51 20 27 24 58 18 59 46 81 76 100 13 80 96 88 67 29 83 30 50 28 44 16 9 47 78 35 79 84 91 14 42 75 93 11 15 82 86 64 77 6 95 94 45 57 33 56 52 54 71 49

Schrage:
6864
1 41 92 4 12 55 69 65 89 31 68 32 61 2 23 73 25 34 74 99 97 24 44 50 60 98 18 62 11 27 87 7 81 70 76 40 5 96 59 58 100 30 28 51 47 46 84 14 85 80 72 9 26 90 22 48 21 38 19 39 53 10 8 63 20 88 67 3 43 37 13 29 83 17 16 78 35 79 91 42 75 93 15 82 86 64 77 6 95 94 45 36 57 33 56 52 54 71 66 49

Pottsa:
6844
1 41 92 4 12 55 69 65 89 31 68 32 61 2 23 73 25 34 74 99 97 24 44 50 60 98 18 62 11 27 87 7 81 70 76 40 5 96 59 58 100 30 28 51 47 46 84 14 85 80 72 9 26 90 22 48 21 38 19 29 15 53 39 8 10 63 43 3 20 88 67 37 13 83 17 16 78 35 79 91 42 75 93 82 86 64 77 6 95 94 45 36 57 33 56 52 54 71 66 49

Carlier:
6838
1 41 92 4 12 55 69 65 89 31 68 32 61 2 23 73 25 34 74 99 97 24 44 50 60 98 18 62 11 27 87 7 81 70 76 40 5 96 59 58 100 30 28 51 47 46 84 14 85 80 72 9 26 90 22 48 21 38 19 29 71 53 39 8 10 63 43 3 20 88 67 37 13 83 17 16 78 35 79 91 42 75 93 15 82 86 64 77 6 95 94 45 36 57 33 56 52 54 66 49

SchragePmtn:
6833
